Rectangles:

sOFA:
(45, -140)
(45, -105)
(140, -105)
(140, -140)

(50, -80)
(80, -80)
(50, -105)
(80, -105)

BOOKCASE:
(40, 5)
(105, 5)
(105, 15)
(40, 15)



TOILET:
(270, -55)
(270, -30)
(300, -55)
(300, -30)



SHOWER:
(310, -105)
(350, -105)
(310, -140)
(350, -105)



Sink: origin set to z= -115, change to -110??
(215,  -110)
(245, -110)
(215, -140) 
(245, -140)





BIN:
(175, 65)
(190, 65)
(190, 85)
(175, 85)


FRIDGE:
(175, 100)
(130, 100)
(130, 130)
(175, 130)


countertop with sink:

(130, 100)
(130, 130)
(85, 100)
(85, 130)



Countertop:
(85, 100)
(85, 130)
(45, 100)
(45, 130)


oven:
(45, 100)
(45, 130)
(10, 100)
(10, 130)

Table:
(10, 55)
(85, 55)
(10, 25)
(85, 25)

Chair1:
(85, 55)
(85, 65)
(60, 65)
(60, 55)

Chair2:
(45, 55)
(45, 65)
(10, 55)
(10, 65)


bed:
(270, 45)
(350, 45)
(270, 105)
(350, 105)

endtable:
(330,25)
(350, 25)
(350, 45)
(330, 45)


Dresser:
(220, 40)
(200, 40)
(220, 95)
(200, 95)


TV:
(135, -50)
(75, -50)
(135, -25)
(75, -25)


Walls:
bdrm-bathrm
(195, -20)
(195, -30)
(350, -30)
(350, -20)


bthrm-living
(200, -145)
(190, -145)
(200, -90)
(190, -90)

(200, -70)
(190, -70)
(200, -15)
(190, -15)


bdrm kitchen
(200, 10)
(190, 10)
(200, 130)
(190, 130)

lvngrm- kitchen
(190, 15)
(160, 15)
(190, 25)
(160, 25)

(130, 15)
(130, 25)
(10, 15)
(10, 25)


Exterior walls:
(10, -150)
(0, -150)
(10, -15)
(0, -15)


(10, 10)
(10, 140)
(0, 10)
(0, 140)



(0, 140)
(0, 130)
(360, 130)
(360, 140)


(360, 140)
(350, 140)
(360, -150)
(350,-150)

(360, -150)
(360, -140)
(0, -150)
(0, -140)